18.33 4.67 16.00 20.67 26.00 13.67 
10.67 17.33 31.33 3.67 5.67 27.67 
27.67 4.33 20.33 23.00 14.67 13.00 
25.67 11.33 11.33 0.67 31.00 8.00 
8.33 9.33 16.33 30.67 1.00 2.67 
14.67 29.00 21.00 20.67 7.67 32.67 
30.00 6.67 2.00 26.33 10.67 10.00 
24.33 30.33 13.67 12.00 0.00 31.00 
21.00 32.00 5.67 18.67 10.00 27.00 
12.33 18.67 11.67 30.00 23.00 11.67 
10.67 18.00 29.00 20.33 27.00 33.00 
7.00 25.67 15.67 18.00 33.00 12.00 
31.00 2.33 28.33 4.00 22.33 5.33 
21.67 17.67 9.00 19.67 32.67 31.33 
7.67 2.33 19.67 6.33 25.00 4.33 
15.67 22.67 26.33 27.67 27.00 28.67 
17.00 16.33 28.00 32.00 23.67 31.33 
7.67 33.00 3.00 5.67 18.33 23.33 
16.33 26.33 20.67 17.00 2.00 32.00 
18.67 5.33 17.00 6.00 3.67 7.67 
32.67 0.00 26.00 26.67 25.00 17.67 
25.67 10.00 19.33 13.67 28.67 5.67 
31.00 13.33 20.67 12.33 30.67 6.67 
10.00 28.67 21.00 15.00 23.33 33.00 
0.67 21.00 29.67 13.67 31.67 28.00 
25.67 3.33 29.00 8.00 0.67 28.67 
14.33 5.67 27.33 7.00 17.33 4.00 
11.00 21.67 32.67 12.67 6.33 3.33 
17.33 5.67 22.67 8.67 20.33 1.67 
13.00 31.33 13.33 33.00 16.00 6.67 
19.33 26.33 26.33 23.00 23.67 21.33 
2.00 4.00 32.33 1.33 5.33 32.67 
26.33 0.00 13.33 27.67 16.33 21.67 
17.00 4.33 9.67 28.00 20.67 9.67 
20.00 11.33 4.00 0.33 4.00 10.67 
12.00 30.67 5.00 14.67 27.33 20.00 
2.00 3.33 24.00 7.33 20.67 20.67 
23.00 32.67 1.00 11.33 5.33 20.33 
7.00 8.33 0.67 8.00 31.00 15.00 
27.33 6.00 0.67 26.33 17.00 24.33 
31.00 19.00 25.00 17.33 25.67 9.00 
3.33 20.33 31.00 26.33 24.67 22.33 
2.00 15.00 31.33 22.33 22.67 21.00 
0.67 18.00 2.67 10.67 28.67 16.33 
20.00 17.33 7.33 0.33 6.33 24.33 
26.00 23.33 29.00 29.00 13.00 28.67 
0.00 22.00 29.67 20.33 9.33 14.00 
28.33 12.00 27.00 15.00 16.33 26.67 
32.00 10.33 27.33 10.67 29.33 5.00 
23.33 31.67 1.00 17.67 10.33 16.00 
