-0.8447325027131823
-0.10180447014393981
0.9020750636808283
-0.43306926800595474
1.1826947726322277

-1.626837936975044
-0.28594032372636036
0.6117671969944258
-1.4051760878325155
-0.7666559296481688

1.2458752970979132
1.6372353221708371
-0.3086731773361129
-0.12951644881718613
-0.2815415317476692

-1.964234443612498
0.7293324212674493
0.11068690347700055
-1.8836682616171854
-0.37757464875751556

0.4387577847203899
-0.6374268925403825
1.5755031151880639
-0.011349355875810476
-0.07291032162517529

